{
	"patcher" : 	{
		"fileversion" : 1,
		"appversion" : 		{
			"major" : 8,
			"minor" : 3,
			"revision" : 1,
			"architecture" : "x64",
			"modernui" : 1
		}
,
		"classnamespace" : "box",
		"rect" : [ 59.0, 107.0, 640.0, 480.0 ],
		"bglocked" : 0,
		"openinpresentation" : 0,
		"default_fontsize" : 12.0,
		"default_fontface" : 0,
		"default_fontname" : "Arial",
		"gridonopen" : 1,
		"gridsize" : [ 15.0, 15.0 ],
		"gridsnaponopen" : 1,
		"objectsnaponopen" : 1,
		"statusbarvisible" : 2,
		"toolbarvisible" : 1,
		"lefttoolbarpinned" : 0,
		"toptoolbarpinned" : 0,
		"righttoolbarpinned" : 0,
		"bottomtoolbarpinned" : 0,
		"toolbars_unpinned_last_save" : 0,
		"tallnewobj" : 0,
		"boxanimatetime" : 200,
		"enablehscroll" : 1,
		"enablevscroll" : 1,
		"devicewidth" : 0.0,
		"description" : "",
		"digest" : "",
		"tags" : "",
		"style" : "evening_coffee",
		"subpatcher_template" : "",
		"assistshowspatchername" : 0,
		"boxes" : [  ],
		"lines" : [  ],
		"dependency_cache" : [  ],
		"autosave" : 0,
		"styles" : [ 			{
				"name" : "evening_coffee",
				"default" : 				{
					"accentcolor" : [ 0.211764705882353, 0.184313725490196, 0.282352941176471, 1.0 ],
					"bgcolor" : [ 0.231372549019608, 0.23921568627451, 0.443137254901961, 0.5 ],
					"bgfillcolor" : 					{
						"angle" : 270.0,
						"autogradient" : 0.0,
						"color" : [ 0.2, 0.2, 0.2, 1.0 ],
						"color1" : [ 0.156862745098039, 0.188235294117647, 0.325490196078431, 1.0 ],
						"color2" : [ 0.298039215686275, 0.23921568627451, 0.23921568627451, 1.0 ],
						"proportion" : 0.5,
						"type" : "gradient"
					}
,
					"clearcolor" : [ 0.058823529411765, 0.0, 0.094117647058824, 0.3 ],
					"color" : [ 0.768627450980392, 0.682352941176471, 0.682352941176471, 1.0 ],
					"editing_bgcolor" : [ 0.086274509803922, 0.058823529411765, 0.007843137254902, 1.0 ],
					"elementcolor" : [ 0.215686274509804, 0.266666666666667, 0.27843137254902, 1.0 ],
					"locked_bgcolor" : [ 0.003921568627451, 0.035294117647059, 0.007843137254902, 1.0 ],
					"selectioncolor" : [ 0.0, 0.874509803921569, 1.0, 1.0 ],
					"textcolor" : [ 0.886274509803922, 0.862745098039216, 0.890196078431372, 1.0 ],
					"textcolor_inverse" : [ 0.843137254901961, 0.870588235294118, 0.850980392156863, 1.0 ]
				}
,
				"parentstyle" : "",
				"multi" : 0
			}
 ]
	}

}
